5 0.05 162 0.2400990099009901
5 0.1 162 0.2400990099009901
5 0.15000000000000002 164 0.2354579207920792
5 0.2 165 0.23081683168316833
5 0.25 166 0.22524752475247525
5 0.30000000000000004 170 0.21472772277227722
5 0.35000000000000003 169 0.20389851485148514
5 0.4 164 0.18966584158415842
5 0.45 166 0.17017326732673269
5 0.5 158 0.15129950495049505
5 0.55 155 0.13397277227722773
5 0.6000000000000001 142 0.12097772277227722
5 0.65 132 0.10736386138613861
5 0.7000000000000001 119 0.09003712871287128
5 0.75 103 0.07611386138613861
5 0.8 90 0.06837871287128713
5 0.8500000000000001 81 0.056002475247524754
5 0.9 72 0.050433168316831686
5 0.9500000000000001 66 0.04146039603960396
5 1.0 56 0.03620049504950495
5 1.05 49 0.03125
5 1.1 40 0.027227722772277228
5 1.1500000000000001 32 0.0213490099009901
5 1.2000000000000002 31 0.02042079207920792
5 1.25 29 0.01608910891089109
5 1.3 23 0.01577970297029703
5 1.35 21 0.01516089108910891
5 1.4000000000000001 20 0.012995049504950494
5 1.4500000000000002 19 0.012066831683168317
5 1.5 19 0.011448019801980198
5 1.55 19 0.011138613861386138
5 1.6 16 0.010829207920792078
5 1.6500000000000001 14 0.009900990099009901
5 1.7000000000000002 12 0.008663366336633664
5 1.75 12 0.008044554455445545
5 1.8 11 0.005878712871287129
5 1.85 8 0.005878712871287129
5 1.9000000000000001 8 0.0049504950495049506
5 1.9500000000000002 8 0.004022277227722772
5 2.0 6 0.0037128712871287127
10 0.05 72 0.4229579207920792
10 0.1 72 0.4229579207920792
10 0.15000000000000002 73 0.4192450495049505
10 0.2 75 0.4121287128712871
10 0.25 76 0.40810643564356436
10 0.30000000000000004 77 0.4034653465346535
10 0.35000000000000003 78 0.3876856435643564
10 0.4 79 0.3635519801980198
10 0.45 77 0.3530321782178218
10 0.5 77 0.32271039603960394
10 0.55 76 0.30383663366336633
10 0.6000000000000001 74 0.2719678217821782
10 0.65 72 0.24195544554455445
10 0.7000000000000001 70 0.20699257425742573
10 0.75 62 0.1791460396039604
10 0.8 59 0.15346534653465346
10 0.8500000000000001 52 0.1318069306930693
10 0.9 46 0.11850247524752475
10 0.9500000000000001 38 0.10983910891089109
10 1.0 37 0.09127475247524752
10 1.05 32 0.07951732673267327
10 1.1 27 0.06775990099009901
10 1.1500000000000001 23 0.054455445544554455
10 1.2000000000000002 21 0.054146039603960396
10 1.25 19 0.04610148514851485
10 1.3 14 0.043007425742574254
10 1.35 13 0.034962871287128716
10 1.4000000000000001 12 0.03310643564356436
10 1.4500000000000002 13 0.028774752475247526
10 1.5 12 0.027227722772277228
10 1.55 12 0.026918316831683168
10 1.6 11 0.024133663366336634
10 1.6500000000000001 10 0.0213490099009901
10 1.7000000000000002 9 0.017326732673267328
10 1.75 8 0.01670792079207921
10 1.8 7 0.01485148514851485
10 1.85 7 0.008663366336633664
10 1.9000000000000001 7 0.007735148514851485
10 1.9500000000000002 7 0.006806930693069307
10 2.0 5 0.006806930693069307
15 0.05 48 0.5102103960396039
15 0.1 48 0.5102103960396039
15 0.15000000000000002 48 0.5102103960396039
15 0.2 48 0.5092821782178217
15 0.25 48 0.5083539603960396
15 0.30000000000000004 49 0.5030940594059405
15 0.35000000000000003 51 0.48267326732673266
15 0.4 52 0.4588490099009901
15 0.45 53 0.4396658415841584
15 0.5 55 0.4099628712871287
15 0.55 57 0.3805693069306931
15 0.6000000000000001 59 0.3400371287128713
15 0.65 59 0.30445544554455445
15 0.7000000000000001 55 0.27722772277227725
15 0.75 50 0.2469059405940594
15 0.8 46 0.21503712871287128
15 0.8500000000000001 42 0.19399752475247525
15 0.9 37 0.17574257425742573
15 0.9500000000000001 32 0.1577970297029703
15 1.0 28 0.13830445544554457
15 1.05 26 0.11602722772277228
15 1.1 26 0.09498762376237624
15 1.1500000000000001 21 0.08570544554455446
15 1.2000000000000002 16 0.08353960396039604
15 1.25 15 0.0739480198019802
15 1.3 15 0.06280940594059406
15 1.35 13 0.05662128712871287
15 1.4000000000000001 12 0.05290841584158416
15 1.4500000000000002 10 0.04795792079207921
15 1.5 9 0.04579207920792079
15 1.55 9 0.04548267326732673
15 1.6 9 0.04176980198019802
15 1.6500000000000001 8 0.038985148514851485
15 1.7000000000000002 6 0.027537128712871287
15 1.75 6 0.026918316831683168
15 1.8 5 0.024752475247524754
15 1.85 5 0.02073019801980198
15 1.9000000000000001 5 0.018564356435643563
15 1.9500000000000002 5 0.01639851485148515
15 2.0 5 0.01021039603960396
20 0.05 30 0.6014851485148515
20 0.1 30 0.6014851485148515
20 0.15000000000000002 30 0.6014851485148515
20 0.2 30 0.6005569306930693
20 0.25 30 0.5996287128712872
20 0.30000000000000004 30 0.5996287128712872
20 0.35000000000000003 31 0.5838490099009901
20 0.4 33 0.5668316831683168
20 0.45 33 0.5464108910891089
20 0.5 36 0.5089727722772277
20 0.55 37 0.48576732673267325
20 0.6000000000000001 42 0.42976485148514854
20 0.65 44 0.3938737623762376
20 0.7000000000000001 47 0.349009900990099
20 0.75 39 0.32642326732673266
20 0.8 37 0.29207920792079206
20 0.8500000000000001 35 0.2561881188118812
20 0.9 33 0.21751237623762376
20 0.9500000000000001 27 0.2020420792079208
20 1.0 23 0.1813118811881188
20 1.05 21 0.15655940594059406
20 1.1 21 0.13768564356435645
20 1.1500000000000001 20 0.11540841584158416
20 1.2000000000000002 18 0.10736386138613861
20 1.25 17 0.09313118811881188
20 1.3 13 0.08694306930693069
20 1.35 12 0.07363861386138613
20 1.4000000000000001 12 0.06806930693069307
20 1.4500000000000002 10 0.06683168316831684
20 1.5 9 0.06280940594059406
20 1.55 9 0.055383663366336634
20 1.6 8 0.05198019801980198
20 1.6500000000000001 8 0.04362623762376237
20 1.7000000000000002 8 0.034962871287128716
20 1.75 8 0.0343440594059406
20 1.8 7 0.03032178217821782
20 1.85 7 0.024443069306930694
20 1.9000000000000001 7 0.022277227722772276
20 1.9500000000000002 6 0.017636138613861384
20 2.0 6 0.011448019801980198
25 0.05 24 0.6417079207920792
25 0.1 24 0.6417079207920792
25 0.15000000000000002 24 0.6417079207920792
25 0.2 24 0.6417079207920792
25 0.25 25 0.6339727722772277
25 0.30000000000000004 25 0.6339727722772277
25 0.35000000000000003 26 0.6178836633663366
25 0.4 27 0.6039603960396039
25 0.45 29 0.5773514851485149
25 0.5 30 0.5544554455445545
25 0.55 30 0.5358910891089109
25 0.6000000000000001 33 0.4944306930693069
25 0.65 34 0.46163366336633666
25 0.7000000000000001 34 0.4279084158415842
25 0.75 35 0.39139851485148514
25 0.8 32 0.35426980198019803
25 0.8500000000000001 30 0.32301980198019803
25 0.9 30 0.28465346534653463
25 0.9500000000000001 24 0.2568069306930693
25 1.0 21 0.23514851485148514
25 1.05 18 0.18842821782178218
25 1.1 18 0.1751237623762376
25 1.1500000000000001 14 0.1577970297029703
25 1.2000000000000002 13 0.1494430693069307
25 1.25 13 0.1318069306930693
25 1.3 12 0.12840346534653466
25 1.35 10 0.10736386138613861
25 1.4000000000000001 9 0.0983910891089109
25 1.4500000000000002 9 0.08818069306930693
25 1.5 8 0.08013613861386139
25 1.55 7 0.07827970297029703
25 1.6 7 0.07580445544554455
25 1.6500000000000001 6 0.06621287128712872
25 1.7000000000000002 6 0.05631188118811881
25 1.75 6 0.05290841584158416
25 1.8 6 0.04146039603960396
25 1.85 6 0.037747524752475246
25 1.9000000000000001 6 0.03403465346534654
25 1.9500000000000002 6 0.03403465346534654
25 2.0 5 0.02568069306930693
30 0.05 21 0.6658415841584159
30 0.1 21 0.6658415841584159
30 0.15000000000000002 21 0.6658415841584159
30 0.2 21 0.6658415841584159
30 0.25 21 0.6658415841584159
30 0.30000000000000004 21 0.6658415841584159
30 0.35000000000000003 21 0.6574876237623762
30 0.4 22 0.6438737623762376
30 0.45 23 0.6262376237623762
30 0.5 24 0.6033415841584159
30 0.55 24 0.5863242574257426
30 0.6000000000000001 24 0.5702351485148515
30 0.65 25 0.5405321782178217
30 0.7000000000000001 26 0.49876237623762376
30 0.75 27 0.46534653465346537
30 0.8 26 0.4310024752475248
30 0.8500000000000001 21 0.40439356435643564
30 0.9 20 0.37933168316831684
30 0.9500000000000001 21 0.32735148514851486
30 1.0 18 0.2995049504950495
30 1.05 17 0.24566831683168316
30 1.1 18 0.2004950495049505
30 1.1500000000000001 15 0.16986386138613863
30 1.2000000000000002 13 0.1639851485148515
30 1.25 13 0.1454207920792079
30 1.3 12 0.1342821782178218
30 1.35 11 0.12252475247524752
30 1.4000000000000001 8 0.11448019801980198
30 1.4500000000000002 8 0.10303217821782178
30 1.5 8 0.09003712871287128
30 1.55 8 0.08849009900990099
30 1.6 8 0.08199257425742575
30 1.6500000000000001 8 0.07363861386138613
30 1.7000000000000002 7 0.06528465346534654
30 1.75 7 0.06033415841584158
30 1.8 6 0.04919554455445545
30 1.85 6 0.04702970297029703
30 1.9000000000000001 6 0.040222772277227724
30 1.9500000000000002 6 0.03589108910891089
30 2.0 5 0.03217821782178218
35 0.05 17 0.7054455445544554
35 0.1 17 0.7054455445544554
35 0.15000000000000002 17 0.7054455445544554
35 0.2 17 0.7054455445544554
35 0.25 17 0.7054455445544554
35 0.30000000000000004 17 0.7054455445544554
35 0.35000000000000003 17 0.6970915841584159
35 0.4 18 0.6834777227722773
35 0.45 20 0.65625
35 0.5 20 0.6435643564356436
35 0.55 20 0.6265470297029703
35 0.6000000000000001 20 0.6101485148514851
35 0.65 19 0.599319306930693
35 0.7000000000000001 19 0.567450495049505
35 0.75 19 0.5423886138613861
35 0.8 20 0.4876237623762376
35 0.8500000000000001 16 0.46472772277227725
35 0.9 16 0.4251237623762376
35 0.9500000000000001 15 0.4000618811881188
35 1.0 13 0.3660272277227723
35 1.05 15 0.28867574257425743
35 1.1 18 0.23731435643564355
35 1.1500000000000001 13 0.20513613861386137
35 1.2000000000000002 11 0.19771039603960397
35 1.25 12 0.17419554455445543
35 1.3 11 0.16738861386138615
35 1.35 11 0.15068069306930693
35 1.4000000000000001 10 0.13304455445544555
35 1.4500000000000002 10 0.11324257425742575
35 1.5 9 0.1051980198019802
35 1.55 8 0.10426980198019802
35 1.6 8 0.0952970297029703
35 1.6500000000000001 8 0.08013613861386139
35 1.7000000000000002 8 0.07549504950495049
35 1.75 7 0.07425742574257425
35 1.8 7 0.05693069306930693
35 1.85 7 0.05136138613861386
35 1.9000000000000001 6 0.043007425742574254
35 1.9500000000000002 6 0.040222772277227724
35 2.0 5 0.03712871287128713
40 0.05 15 0.7283415841584159
40 0.1 15 0.7283415841584159
40 0.15000000000000002 15 0.7283415841584159
40 0.2 15 0.7283415841584159
40 0.25 15 0.7283415841584159
40 0.30000000000000004 15 0.7283415841584159
40 0.35000000000000003 16 0.708230198019802
40 0.4 17 0.6955445544554455
40 0.45 17 0.6912128712871287
40 0.5 17 0.6896658415841584
40 0.55 20 0.6441831683168316
40 0.6000000000000001 20 0.6284034653465347
40 0.65 18 0.6154084158415841
40 0.7000000000000001 18 0.5807549504950495
40 0.75 18 0.5566212871287128
40 0.8 18 0.5129950495049505
40 0.8500000000000001 18 0.46751237623762376
40 0.9 16 0.44461633663366334
40 0.9500000000000001 14 0.41800742574257427
40 1.0 13 0.39820544554455445
40 1.05 13 0.3381806930693069
40 1.1 15 0.30476485148514854
40 1.1500000000000001 15 0.25154702970297027
40 1.2000000000000002 14 0.2286509900990099
40 1.25 12 0.20606435643564355
40 1.3 10 0.19709158415841585
40 1.35 10 0.17883663366336633
40 1.4000000000000001 9 0.1624381188118812
40 1.4500000000000002 11 0.13149752475247525
40 1.5 10 0.11293316831683169
40 1.55 8 0.10891089108910891
40 1.6 8 0.09962871287128713
40 1.6500000000000001 8 0.08353960396039604
40 1.7000000000000002 8 0.07673267326732673
40 1.75 7 0.07518564356435643
40 1.8 7 0.0625
40 1.85 7 0.05693069306930693
40 1.9000000000000001 7 0.054455445544554455
40 1.9500000000000002 6 0.04641089108910891
40 2.0 5 0.04084158415841584
45 0.05 11 0.7787747524752475
45 0.1 11 0.7787747524752475
45 0.15000000000000002 11 0.7787747524752475
45 0.2 11 0.7787747524752475
45 0.25 11 0.7787747524752475
45 0.30000000000000004 11 0.7787747524752475
45 0.35000000000000003 12 0.7589727722772277
45 0.4 12 0.7586633663366337
45 0.45 12 0.7543316831683168
45 0.5 12 0.7527846534653465
45 0.55 14 0.7196782178217822
45 0.6000000000000001 14 0.7038985148514851
45 0.65 15 0.6779084158415841
45 0.7000000000000001 13 0.6448019801980198
45 0.75 14 0.6082920792079208
45 0.8 14 0.5655940594059405
45 0.8500000000000001 15 0.530940594059406
45 0.9 16 0.48886138613861385
45 0.9500000000000001 14 0.46689356435643564
45 1.0 12 0.44183168316831684
45 1.05 10 0.3895420792079208
45 1.1 11 0.3691212871287129
45 1.1500000000000001 9 0.31745049504950495
45 1.2000000000000002 7 0.3029084158415842
45 1.25 8 0.2775371287128713
45 1.3 7 0.25464108910891087
45 1.35 8 0.22431930693069307
45 1.4000000000000001 8 0.19647277227722773
45 1.4500000000000002 9 0.17481435643564355
45 1.5 10 0.14882425742574257
45 1.55 9 0.14418316831683167
45 1.6 9 0.12530940594059406
45 1.6500000000000001 9 0.1021039603960396
45 1.7000000000000002 9 0.09498762376237624
45 1.75 8 0.0922029702970297
45 1.8 8 0.0655940594059406
45 1.85 8 0.0594059405940594
45 1.9000000000000001 7 0.05693069306930693
45 1.9500000000000002 7 0.050742574257425746
45 2.0 6 0.04548267326732673
50 0.05 9 0.807240099009901
50 0.1 9 0.807240099009901
50 0.15000000000000002 9 0.807240099009901
50 0.2 9 0.807240099009901
50 0.25 9 0.807240099009901
50 0.30000000000000004 9 0.807240099009901
50 0.35000000000000003 10 0.7874381188118812
50 0.4 10 0.7871287128712872
50 0.45 10 0.7827970297029703
50 0.5 10 0.781559405940594
50 0.55 11 0.7509282178217822
50 0.6000000000000001 11 0.7351485148514851
50 0.65 12 0.7141089108910891
50 0.7000000000000001 11 0.6912128712871287
50 0.75 12 0.6519183168316832
50 0.8 11 0.6107673267326733
50 0.8500000000000001 11 0.5925123762376238
50 0.9 14 0.5482673267326733
50 0.9500000000000001 12 0.5167079207920792
50 1.0 12 0.46689356435643564
50 1.05 11 0.4099628712871287
50 1.1 11 0.38521039603960394
50 1.1500000000000001 9 0.3245668316831683
50 1.2000000000000002 7 0.3094059405940594
50 1.25 7 0.2998143564356436
50 1.3 7 0.27722772277227725
50 1.35 6 0.2645420792079208
50 1.4000000000000001 8 0.20699257425742573
50 1.4500000000000002 8 0.19616336633663367
50 1.5 8 0.18254950495049505
50 1.55 8 0.16676980198019803
50 1.6 8 0.1531559405940594
50 1.6500000000000001 8 0.1364480198019802
50 1.7000000000000002 9 0.10179455445544554
50 1.75 9 0.10024752475247525
50 1.8 8 0.09127475247524752
50 1.85 8 0.08044554455445545
50 1.9000000000000001 7 0.07549504950495049
50 1.9500000000000002 6 0.06745049504950495
50 2.0 7 0.04764851485148515
55 0.05 9 0.807240099009901
55 0.1 9 0.807240099009901
55 0.15000000000000002 9 0.807240099009901
55 0.2 9 0.807240099009901
55 0.25 9 0.807240099009901
55 0.30000000000000004 9 0.807240099009901
55 0.35000000000000003 10 0.7874381188118812
55 0.4 10 0.7871287128712872
55 0.45 10 0.7827970297029703
55 0.5 10 0.781559405940594
55 0.55 10 0.7673267326732673
55 0.6000000000000001 10 0.7515470297029703
55 0.65 11 0.7271039603960396
55 0.7000000000000001 10 0.7042079207920792
55 0.75 10 0.6840965346534653
55 0.8 9 0.6435643564356436
55 0.8500000000000001 10 0.6092202970297029
55 0.9 13 0.5618811881188119
55 0.9500000000000001 11 0.5473391089108911
55 1.0 12 0.47029702970297027
55 1.05 11 0.4313118811881188
55 1.1 12 0.3895420792079208
55 1.1500000000000001 10 0.33323019801980197
55 1.2000000000000002 8 0.3180693069306931
55 1.25 7 0.30816831683168316
55 1.3 6 0.2995049504950495
55 1.35 7 0.2747524752475248
55 1.4000000000000001 7 0.2422648514851485
55 1.4500000000000002 7 0.22246287128712872
55 1.5 8 0.19121287128712872
55 1.55 8 0.1806930693069307
55 1.6 8 0.1639851485148515
55 1.6500000000000001 8 0.14418316831683167
55 1.7000000000000002 8 0.12778465346534654
55 1.75 8 0.11478960396039604
55 1.8 8 0.10117574257425743
55 1.85 8 0.08292079207920793
55 1.9000000000000001 8 0.07889851485148515
55 1.9500000000000002 7 0.06961633663366337
55 2.0 7 0.06621287128712872
60 0.05 7 0.8418935643564357
60 0.1 7 0.8418935643564357
60 0.15000000000000002 7 0.8418935643564357
60 0.2 7 0.8418935643564357
60 0.25 7 0.8418935643564357
60 0.30000000000000004 7 0.8418935643564357
60 0.35000000000000003 8 0.8220915841584159
60 0.4 8 0.8217821782178217
60 0.45 8 0.817450495049505
60 0.5 8 0.8162128712871287
60 0.55 8 0.801980198019802
60 0.6000000000000001 9 0.7688737623762376
60 0.65 11 0.7271039603960396
60 0.7000000000000001 10 0.7042079207920792
60 0.75 9 0.7017326732673267
60 0.8 7 0.6788366336633663
60 0.8500000000000001 8 0.6432549504950495
60 0.9 9 0.6169554455445545
60 0.9500000000000001 9 0.5751856435643564
60 1.0 9 0.5201113861386139
60 1.05 11 0.44523514851485146
60 1.1 12 0.41491336633663367
60 1.1500000000000001 10 0.35426980198019803
60 1.2000000000000002 9 0.3375618811881188
60 1.25 8 0.31745049504950495
60 1.3 6 0.30847772277227725
60 1.35 6 0.2964108910891089
60 1.4000000000000001 8 0.24288366336633663
60 1.4500000000000002 8 0.22524752475247525
60 1.5 7 0.21070544554455445
60 1.55 7 0.2004950495049505
60 1.6 7 0.19554455445544555
60 1.6500000000000001 7 0.17172029702970298
60 1.7000000000000002 7 0.16027227722772278
60 1.75 8 0.1311881188118812
60 1.8 8 0.10736386138613861
60 1.85 8 0.08323019801980198
60 1.9000000000000001 8 0.08044554455445545
60 1.9500000000000002 8 0.08044554455445545
60 2.0 8 0.07611386138613861
65 0.05 6 0.8610767326732673
65 0.1 6 0.8610767326732673
65 0.15000000000000002 6 0.8610767326732673
65 0.2 6 0.8610767326732673
65 0.25 6 0.8610767326732673
65 0.30000000000000004 6 0.8610767326732673
65 0.35000000000000003 6 0.8610767326732673
65 0.4 6 0.8607673267326733
65 0.45 7 0.8372524752475248
65 0.5 7 0.8360148514851485
65 0.55 8 0.801980198019802
65 0.6000000000000001 8 0.7886757425742574
65 0.65 9 0.7667079207920792
65 0.7000000000000001 10 0.7042079207920792
65 0.75 9 0.7017326732673267
65 0.8 7 0.6905940594059405
65 0.8500000000000001 8 0.65625
65 0.9 8 0.6488242574257426
65 0.9500000000000001 8 0.6092202970297029
65 1.0 8 0.5522896039603961
65 1.05 10 0.47679455445544555
65 1.1 10 0.46163366336633666
65 1.1500000000000001 10 0.3842821782178218
65 1.2000000000000002 9 0.35086633663366334
65 1.25 8 0.32673267326732675
65 1.3 6 0.3155940594059406
65 1.35 6 0.31126237623762376
65 1.4000000000000001 6 0.2905321782178218
65 1.4500000000000002 7 0.24288366336633663
65 1.5 7 0.21132425742574257
65 1.55 7 0.2042079207920792
65 1.6 7 0.2004950495049505
65 1.6500000000000001 7 0.18409653465346534
65 1.7000000000000002 7 0.17728960396039603
65 1.75 7 0.15717821782178218
65 1.8 7 0.1438737623762376
65 1.85 7 0.11819306930693069
65 1.9000000000000001 7 0.1150990099009901
65 1.9500000000000002 7 0.11324257425742575
65 2.0 7 0.10829207920792079
70 0.05 5 0.8811881188118812
70 0.1 5 0.8811881188118812
70 0.15000000000000002 5 0.8811881188118812
70 0.2 5 0.8811881188118812
70 0.25 5 0.8811881188118812
70 0.30000000000000004 5 0.8811881188118812
70 0.35000000000000003 5 0.8811881188118812
70 0.4 5 0.8808787128712872
70 0.45 6 0.8573638613861386
70 0.5 6 0.8561262376237624
70 0.55 7 0.8224009900990099
70 0.6000000000000001 7 0.8090965346534653
70 0.65 7 0.8084777227722773
70 0.7000000000000001 9 0.7249381188118812
70 0.75 8 0.7221534653465347
70 0.8 6 0.7110148514851485
70 0.8500000000000001 7 0.6775990099009901
70 0.9 7 0.6701732673267327
70 0.9500000000000001 6 0.6516089108910891
70 1.0 7 0.5736386138613861
70 1.05 8 0.5188737623762376
70 1.1 9 0.4832920792079208
70 1.1500000000000001 10 0.43038366336633666
70 1.2000000000000002 10 0.40129950495049505
70 1.25 9 0.3409653465346535
70 1.3 8 0.32116336633663367
70 1.35 7 0.31373762376237624
70 1.4000000000000001 6 0.2964108910891089
70 1.4500000000000002 6 0.2926980198019802
70 1.5 7 0.23483910891089108
70 1.55 7 0.21225247524752475
70 1.6 7 0.20266089108910892
70 1.6500000000000001 7 0.19028465346534654
70 1.7000000000000002 7 0.18100247524752475
70 1.75 7 0.16955445544554457
70 1.8 7 0.16336633663366337
70 1.85 7 0.13551980198019803
70 1.9000000000000001 7 0.11819306930693069
70 1.9500000000000002 7 0.11324257425742575
70 2.0 7 0.10829207920792079
75 0.05 3 0.9251237623762376
75 0.1 3 0.9251237623762376
75 0.15000000000000002 3 0.9251237623762376
75 0.2 3 0.9251237623762376
75 0.25 3 0.9251237623762376
75 0.30000000000000004 3 0.9251237623762376
75 0.35000000000000003 3 0.9251237623762376
75 0.4 3 0.9251237623762376
75 0.45 4 0.9019183168316832
75 0.5 4 0.900990099009901
75 0.55 6 0.844059405940594
75 0.6000000000000001 7 0.8090965346534653
75 0.65 7 0.8084777227722773
75 0.7000000000000001 9 0.7249381188118812
75 0.75 8 0.7221534653465347
75 0.8 6 0.7110148514851485
75 0.8500000000000001 7 0.6775990099009901
75 0.9 7 0.6701732673267327
75 0.9500000000000001 6 0.6516089108910891
75 1.0 7 0.5968440594059405
75 1.05 8 0.5343440594059405
75 1.1 9 0.49876237623762376
75 1.1500000000000001 9 0.46720297029702973
75 1.2000000000000002 9 0.4291460396039604
75 1.25 9 0.3842821782178218
75 1.3 9 0.3412747524752475
75 1.35 8 0.3285891089108911
75 1.4000000000000001 6 0.2988861386138614
75 1.4500000000000002 6 0.2939356435643564
75 1.5 7 0.25402227722772275
75 1.55 7 0.2264851485148515
75 1.6 7 0.21008663366336633
75 1.6500000000000001 7 0.19337871287128713
75 1.7000000000000002 7 0.18378712871287128
75 1.75 7 0.1729579207920792
75 1.8 7 0.16646039603960397
75 1.85 7 0.14665841584158415
75 1.9000000000000001 7 0.12685643564356436
75 1.9500000000000002 7 0.11478960396039604
75 2.0 7 0.10860148514851485
80 0.05 3 0.9251237623762376
80 0.1 3 0.9251237623762376
80 0.15000000000000002 3 0.9251237623762376
80 0.2 3 0.9251237623762376
80 0.25 3 0.9251237623762376
80 0.30000000000000004 3 0.9251237623762376
80 0.35000000000000003 3 0.9251237623762376
80 0.4 3 0.9251237623762376
80 0.45 3 0.9251237623762376
80 0.5 3 0.9251237623762376
80 0.55 4 0.8963490099009901
80 0.6000000000000001 6 0.8604579207920792
80 0.65 6 0.8604579207920792
80 0.7000000000000001 7 0.7775371287128713
80 0.75 7 0.7465965346534653
80 0.8 6 0.7119430693069307
80 0.8500000000000001 6 0.7023514851485149
80 0.9 6 0.6958539603960396
80 0.9500000000000001 7 0.6587252475247525
80 1.0 7 0.5977722772277227
80 1.05 8 0.5442450495049505
80 1.1 9 0.5092821782178217
80 1.1500000000000001 9 0.48360148514851486
80 1.2000000000000002 9 0.44183168316831684
80 1.25 10 0.3978960396039604
80 1.3 10 0.37035891089108913
80 1.35 8 0.3372524752475248
80 1.4000000000000001 8 0.31095297029702973
80 1.4500000000000002 7 0.29919554455445546
80 1.5 6 0.27970297029702973
80 1.55 6 0.26330445544554454
80 1.6 6 0.2524752475247525
80 1.6500000000000001 7 0.2073019801980198
80 1.7000000000000002 7 0.1958539603960396
80 1.75 7 0.18224009900990099
80 1.8 7 0.17357673267326731
80 1.85 7 0.16893564356435645
80 1.9000000000000001 7 0.15191831683168316
80 1.9500000000000002 7 0.13892326732673269
80 2.0 7 0.12438118811881188
85 0.05 2 0.9504950495049505
85 0.1 2 0.9504950495049505
85 0.15000000000000002 2 0.9504950495049505
85 0.2 2 0.9504950495049505
85 0.25 2 0.9504950495049505
85 0.30000000000000004 2 0.9504950495049505
85 0.35000000000000003 2 0.9504950495049505
85 0.4 2 0.9504950495049505
85 0.45 2 0.9504950495049505
85 0.5 2 0.9504950495049505
85 0.55 3 0.9217202970297029
85 0.6000000000000001 4 0.8913985148514851
85 0.65 4 0.8901608910891089
85 0.7000000000000001 7 0.8078589108910891
85 0.75 7 0.7769183168316832
85 0.8 7 0.7172029702970297
85 0.8500000000000001 6 0.7035891089108911
85 0.9 6 0.6970915841584159
85 0.9500000000000001 7 0.6599628712871287
85 1.0 6 0.6321163366336634
85 1.05 6 0.6070544554455446
85 1.1 6 0.5912747524752475
85 1.1500000000000001 6 0.5708539603960396
85 1.2000000000000002 8 0.47648514851485146
85 1.25 9 0.41646039603960394
85 1.3 9 0.39449257425742573
85 1.35 9 0.3551980198019802
85 1.4000000000000001 9 0.3208539603960396
85 1.4500000000000002 7 0.30785891089108913
85 1.5 6 0.2942450495049505
85 1.55 6 0.2716584158415842
85 1.6 6 0.26113861386138615
85 1.6500000000000001 6 0.24474009900990099
85 1.7000000000000002 6 0.2370049504950495
85 1.75 7 0.19121287128712872
85 1.8 7 0.17790841584158415
85 1.85 7 0.17326732673267325
85 1.9000000000000001 7 0.1608910891089109
85 1.9500000000000002 7 0.15501237623762376
85 2.0 7 0.1438737623762376
90 0.05 2 0.9504950495049505
90 0.1 2 0.9504950495049505
90 0.15000000000000002 2 0.9504950495049505
90 0.2 2 0.9504950495049505
90 0.25 2 0.9504950495049505
90 0.30000000000000004 2 0.9504950495049505
90 0.35000000000000003 2 0.9504950495049505
90 0.4 2 0.9504950495049505
90 0.45 2 0.9504950495049505
90 0.5 2 0.9504950495049505
90 0.55 3 0.9217202970297029
90 0.6000000000000001 4 0.8913985148514851
90 0.65 4 0.8901608910891089
90 0.7000000000000001 6 0.818069306930693
90 0.75 6 0.8097153465346535
90 0.8 6 0.7614480198019802
90 0.8500000000000001 7 0.7484529702970297
90 0.9 7 0.7354579207920792
90 0.9500000000000001 7 0.6695544554455446
90 1.0 7 0.635519801980198
90 1.05 6 0.6070544554455446
90 1.1 6 0.5912747524752475
90 1.1500000000000001 6 0.5788985148514851
90 1.2000000000000002 8 0.49133663366336633
90 1.25 9 0.43657178217821785
90 1.3 9 0.4034653465346535
90 1.35 9 0.38923267326732675
90 1.4000000000000001 9 0.3787128712871287
90 1.4500000000000002 7 0.32425742574257427
90 1.5 6 0.297029702970297
90 1.55 6 0.27970297029702973
90 1.6 6 0.265779702970297
90 1.6500000000000001 6 0.26021039603960394
90 1.7000000000000002 6 0.24288366336633663
90 1.75 7 0.19616336633663367
90 1.8 7 0.18409653465346534
90 1.85 7 0.1791460396039604
90 1.9000000000000001 7 0.16274752475247525
90 1.9500000000000002 7 0.15532178217821782
90 2.0 7 0.14758663366336633
95 0.05 2 0.9504950495049505
95 0.1 2 0.9504950495049505
95 0.15000000000000002 2 0.9504950495049505
95 0.2 2 0.9504950495049505
95 0.25 2 0.9504950495049505
95 0.30000000000000004 2 0.9504950495049505
95 0.35000000000000003 2 0.9504950495049505
95 0.4 2 0.9504950495049505
95 0.45 2 0.9504950495049505
95 0.5 2 0.9504950495049505
95 0.55 2 0.9498762376237624
95 0.6000000000000001 2 0.9483292079207921
95 0.65 3 0.9186262376237624
95 0.7000000000000001 4 0.875309405940594
95 0.75 4 0.870049504950495
95 0.8 5 0.7936262376237624
95 0.8500000000000001 5 0.7633044554455446
95 0.9 5 0.7490717821782178
95 0.9500000000000001 7 0.6779084158415841
95 1.0 7 0.6528465346534653
95 1.05 6 0.6160272277227723
95 1.1 6 0.5983910891089109
95 1.1500000000000001 6 0.5788985148514851
95 1.2000000000000002 8 0.500309405940594
95 1.25 8 0.49257425742574257
95 1.3 10 0.4238861386138614
95 1.35 10 0.4000618811881188
95 1.4000000000000001 10 0.39139851485148514
95 1.4500000000000002 7 0.36169554455445546
95 1.5 7 0.3162128712871287
95 1.55 7 0.30136138613861385
95 1.6 6 0.28929455445544555
95 1.6500000000000001 6 0.27073019801980197
95 1.7000000000000002 6 0.25804455445544555
95 1.75 6 0.2286509900990099
95 1.8 7 0.19245049504950495
95 1.85 7 0.18564356435643564
95 1.9000000000000001 7 0.17110148514851486
95 1.9500000000000002 7 0.16491336633663367
95 2.0 7 0.15594059405940594
100 0.05 2 0.9504950495049505
100 0.1 2 0.9504950495049505
100 0.15000000000000002 2 0.9504950495049505
100 0.2 2 0.9504950495049505
100 0.25 2 0.9504950495049505
100 0.30000000000000004 2 0.9504950495049505
100 0.35000000000000003 2 0.9504950495049505
100 0.4 2 0.9504950495049505
100 0.45 2 0.9504950495049505
100 0.5 2 0.9504950495049505
100 0.55 2 0.9498762376237624
100 0.6000000000000001 2 0.9483292079207921
100 0.65 2 0.9483292079207921
100 0.7000000000000001 3 0.9050123762376238
100 0.75 3 0.8997524752475248
100 0.8 4 0.8242574257425742
100 0.8500000000000001 5 0.7948638613861386
100 0.9 6 0.7512376237623762
100 0.9500000000000001 6 0.7073019801980198
100 1.0 7 0.655940594059406
100 1.05 6 0.6185024752475248
100 1.1 6 0.6008663366336634
100 1.1500000000000001 6 0.5813737623762376
100 1.2000000000000002 7 0.53125
100 1.25 7 0.5232054455445545
100 1.3 7 0.5185643564356436
100 1.35 8 0.4597772277227723
100 1.4000000000000001 9 0.40439356435643564
100 1.4500000000000002 9 0.3777846534653465
100 1.5 9 0.32425742574257427
100 1.55 7 0.3066212871287129
100 1.6 7 0.29826732673267325
100 1.6500000000000001 7 0.28125
100 1.7000000000000002 6 0.27011138613861385
100 1.75 6 0.2422648514851485
100 1.8 6 0.2295792079207921
100 1.85 6 0.22741336633663367
100 1.9000000000000001 7 0.18007425742574257
100 1.9500000000000002 7 0.16522277227722773
100 2.0 7 0.15655940594059406
105 0.05 2 0.9504950495049505
105 0.1 2 0.9504950495049505
105 0.15000000000000002 2 0.9504950495049505
105 0.2 2 0.9504950495049505
105 0.25 2 0.9504950495049505
105 0.30000000000000004 2 0.9504950495049505
105 0.35000000000000003 2 0.9504950495049505
105 0.4 2 0.9504950495049505
105 0.45 2 0.9504950495049505
105 0.5 2 0.9504950495049505
105 0.55 2 0.9498762376237624
105 0.6000000000000001 2 0.9483292079207921
105 0.65 2 0.9483292079207921
105 0.7000000000000001 3 0.9050123762376238
105 0.75 3 0.8997524752475248
105 0.8 4 0.8242574257425742
105 0.8500000000000001 5 0.7988861386138614
105 0.9 5 0.786819306930693
105 0.9500000000000001 5 0.7821782178217822
105 1.0 5 0.7271039603960396
105 1.05 5 0.6519183168316832
105 1.1 5 0.6336633663366337
105 1.1500000000000001 6 0.5875618811881188
105 1.2000000000000002 6 0.5686881188118812
105 1.25 6 0.5590965346534653
105 1.3 6 0.5544554455445545
105 1.35 6 0.5272277227722773
105 1.4000000000000001 8 0.4402846534653465
105 1.4500000000000002 8 0.38985148514851486
105 1.5 9 0.36448019801980197
105 1.55 8 0.31126237623762376
105 1.6 7 0.2995049504950495
105 1.6500000000000001 7 0.28589108910891087
105 1.7000000000000002 6 0.2747524752475248
105 1.75 6 0.24504950495049505
105 1.8 6 0.23607673267326731
105 1.85 6 0.23267326732673269
105 1.9000000000000001 6 0.21627475247524752
105 1.9500000000000002 6 0.20482673267326731
105 2.0 6 0.1936881188118812
110 0.05 2 0.9504950495049505
110 0.1 2 0.9504950495049505
110 0.15000000000000002 2 0.9504950495049505
110 0.2 2 0.9504950495049505
110 0.25 2 0.9504950495049505
110 0.30000000000000004 2 0.9504950495049505
110 0.35000000000000003 2 0.9504950495049505
110 0.4 2 0.9504950495049505
110 0.45 2 0.9504950495049505
110 0.5 2 0.9504950495049505
110 0.55 2 0.9498762376237624
110 0.6000000000000001 2 0.9483292079207921
110 0.65 2 0.9483292079207921
110 0.7000000000000001 3 0.9050123762376238
110 0.75 3 0.8997524752475248
110 0.8 4 0.8301361386138614
110 0.8500000000000001 5 0.8047648514851485
110 0.9 5 0.786819306930693
110 0.9500000000000001 5 0.7821782178217822
110 1.0 4 0.7595915841584159
110 1.05 5 0.6519183168316832
110 1.1 5 0.6438737623762376
110 1.1500000000000001 6 0.5909653465346535
110 1.2000000000000002 6 0.5702351485148515
110 1.25 6 0.5606435643564357
110 1.3 6 0.557549504950495
110 1.35 6 0.5297029702970297
110 1.4000000000000001 8 0.442759900990099
110 1.4500000000000002 7 0.42574257425742573
110 1.5 9 0.37035891089108913
110 1.55 8 0.34808168316831684
110 1.6 8 0.30228960396039606
110 1.6500000000000001 7 0.2939356435643564
110 1.7000000000000002 6 0.28310643564356436
110 1.75 6 0.24659653465346534
110 1.8 6 0.23824257425742573
110 1.85 6 0.23391089108910892
110 1.9000000000000001 6 0.2255569306930693
110 1.9500000000000002 6 0.20544554455445543
110 2.0 6 0.19771039603960397
115 0.05 2 0.9504950495049505
115 0.1 2 0.9504950495049505
115 0.15000000000000002 2 0.9504950495049505
115 0.2 2 0.9504950495049505
115 0.25 2 0.9504950495049505
115 0.30000000000000004 2 0.9504950495049505
115 0.35000000000000003 2 0.9504950495049505
115 0.4 2 0.9504950495049505
115 0.45 2 0.9504950495049505
115 0.5 2 0.9504950495049505
115 0.55 2 0.9498762376237624
115 0.6000000000000001 2 0.9483292079207921
115 0.65 2 0.9483292079207921
115 0.7000000000000001 3 0.9050123762376238
115 0.75 3 0.8997524752475248
115 0.8 4 0.8301361386138614
115 0.8500000000000001 5 0.8047648514851485
115 0.9 5 0.786819306930693
115 0.9500000000000001 5 0.7821782178217822
115 1.0 4 0.7648514851485149
115 1.05 4 0.6899752475247525
115 1.1 5 0.6469678217821783
115 1.1500000000000001 6 0.5928217821782178
115 1.2000000000000002 6 0.5702351485148515
115 1.25 6 0.562809405940594
115 1.3 6 0.557549504950495
115 1.35 6 0.5297029702970297
115 1.4000000000000001 8 0.4439975247524752
115 1.4500000000000002 9 0.42636138613861385
115 1.5 8 0.40470297029702973
115 1.55 7 0.39201732673267325
115 1.6 7 0.34251237623762376
115 1.6500000000000001 6 0.32889851485148514
115 1.7000000000000002 6 0.2874381188118812
115 1.75 6 0.2691831683168317
115 1.8 6 0.25030940594059403
115 1.85 6 0.23422029702970298
115 1.9000000000000001 6 0.2271039603960396
115 1.9500000000000002 6 0.21813118811881188
115 2.0 6 0.2079207920792079
120 0.05 2 0.9504950495049505
120 0.1 2 0.9504950495049505
120 0.15000000000000002 2 0.9504950495049505
120 0.2 2 0.9504950495049505
120 0.25 2 0.9504950495049505
120 0.30000000000000004 2 0.9504950495049505
120 0.35000000000000003 2 0.9504950495049505
120 0.4 2 0.9504950495049505
120 0.45 2 0.9504950495049505
120 0.5 2 0.9504950495049505
120 0.55 2 0.9498762376237624
120 0.6000000000000001 2 0.9483292079207921
120 0.65 2 0.9483292079207921
120 0.7000000000000001 3 0.9050123762376238
120 0.75 3 0.8997524752475248
120 0.8 3 0.8657178217821783
120 0.8500000000000001 4 0.8403465346534653
120 0.9 5 0.7945544554455446
120 0.9500000000000001 5 0.7899133663366337
120 1.0 4 0.7732054455445545
120 1.05 4 0.7107054455445545
120 1.1 5 0.661200495049505
120 1.1500000000000001 5 0.630569306930693
120 1.2000000000000002 5 0.6095297029702971
120 1.25 5 0.6076732673267327
120 1.3 5 0.6027227722772277
120 1.35 5 0.5686881188118812
120 1.4000000000000001 6 0.5191831683168316
120 1.4500000000000002 6 0.5142326732673267
120 1.5 7 0.45080445544554454
120 1.55 6 0.42667079207920794
120 1.6 8 0.34560643564356436
120 1.6500000000000001 7 0.3301361386138614
120 1.7000000000000002 6 0.28836633663366334
120 1.75 6 0.27258663366336633
120 1.8 6 0.2595915841584158
120 1.85 6 0.24597772277227722
120 1.9000000000000001 6 0.23669554455445543
120 1.9500000000000002 6 0.22462871287128713
120 2.0 6 0.2156559405940594
125 0.05 2 0.9504950495049505
125 0.1 2 0.9504950495049505
125 0.15000000000000002 2 0.9504950495049505
125 0.2 2 0.9504950495049505
125 0.25 2 0.9504950495049505
125 0.30000000000000004 2 0.9504950495049505
125 0.35000000000000003 2 0.9504950495049505
125 0.4 2 0.9504950495049505
125 0.45 2 0.9504950495049505
125 0.5 2 0.9504950495049505
125 0.55 2 0.9498762376237624
125 0.6000000000000001 2 0.9483292079207921
125 0.65 2 0.9483292079207921
125 0.7000000000000001 3 0.9050123762376238
125 0.75 3 0.8997524752475248
125 0.8 3 0.8657178217821783
125 0.8500000000000001 4 0.8403465346534653
125 0.9 5 0.7945544554455446
125 0.9500000000000001 5 0.7899133663366337
125 1.0 4 0.7732054455445545
125 1.05 4 0.7329826732673267
125 1.1 5 0.6862623762376238
125 1.1500000000000001 5 0.630569306930693
125 1.2000000000000002 5 0.6160272277227723
125 1.25 5 0.6095297029702971
125 1.3 5 0.6055074257425742
125 1.35 5 0.5705445544554455
125 1.4000000000000001 6 0.5210396039603961
125 1.4500000000000002 6 0.5142326732673267
125 1.5 6 0.4900990099009901
125 1.55 6 0.46751237623762376
125 1.6 7 0.42017326732673266
125 1.6500000000000001 7 0.3415841584158416
125 1.7000000000000002 6 0.2896039603960396
125 1.75 6 0.27691831683168316
125 1.8 6 0.26082920792079206
125 1.85 6 0.25495049504950495
125 1.9000000000000001 6 0.2422648514851485
125 1.9500000000000002 6 0.23391089108910892
125 2.0 6 0.21782178217821782
130 0.05 2 0.9504950495049505
130 0.1 2 0.9504950495049505
130 0.15000000000000002 2 0.9504950495049505
130 0.2 2 0.9504950495049505
130 0.25 2 0.9504950495049505
130 0.30000000000000004 2 0.9504950495049505
130 0.35000000000000003 2 0.9504950495049505
130 0.4 2 0.9504950495049505
130 0.45 2 0.9504950495049505
130 0.5 2 0.9504950495049505
130 0.55 2 0.9498762376237624
130 0.6000000000000001 2 0.9483292079207921
130 0.65 2 0.9483292079207921
130 0.7000000000000001 3 0.9050123762376238
130 0.75 3 0.8997524752475248
130 0.8 3 0.8657178217821783
130 0.8500000000000001 4 0.8403465346534653
130 0.9 4 0.8344678217821783
130 0.9500000000000001 4 0.8298267326732673
130 1.0 3 0.8131188118811881
130 1.05 4 0.7329826732673267
130 1.1 4 0.7255569306930693
130 1.1500000000000001 5 0.6438737623762376
130 1.2000000000000002 6 0.6222153465346535
130 1.25 6 0.6104579207920792
130 1.3 5 0.6055074257425742
130 1.35 5 0.5705445544554455
130 1.4000000000000001 6 0.5253712871287128
130 1.4500000000000002 6 0.5154702970297029
130 1.5 6 0.4900990099009901
130 1.55 6 0.46751237623762376
130 1.6 6 0.4597772277227723
130 1.6500000000000001 6 0.41491336633663367
130 1.7000000000000002 4 0.38892326732673266
130 1.75 5 0.3270420792079208
130 1.8 6 0.27351485148514854
130 1.85 6 0.26113861386138615
130 1.9000000000000001 6 0.25340346534653463
130 1.9500000000000002 6 0.2431930693069307
130 2.0 6 0.23267326732673269
135 0.05 2 0.9504950495049505
135 0.1 2 0.9504950495049505
135 0.15000000000000002 2 0.9504950495049505
135 0.2 2 0.9504950495049505
135 0.25 2 0.9504950495049505
135 0.30000000000000004 2 0.9504950495049505
135 0.35000000000000003 2 0.9504950495049505
135 0.4 2 0.9504950495049505
135 0.45 2 0.9504950495049505
135 0.5 2 0.9504950495049505
135 0.55 2 0.9498762376237624
135 0.6000000000000001 2 0.9483292079207921
135 0.65 2 0.9483292079207921
135 0.7000000000000001 3 0.9050123762376238
135 0.75 3 0.8997524752475248
135 0.8 3 0.8657178217821783
135 0.8500000000000001 4 0.8403465346534653
135 0.9 4 0.8344678217821783
135 0.9500000000000001 4 0.8298267326732673
135 1.0 3 0.8131188118811881
135 1.05 4 0.7332920792079208
135 1.1 4 0.7255569306930693
135 1.1500000000000001 4 0.6967821782178217
135 1.2000000000000002 5 0.6639851485148515
135 1.25 5 0.6522277227722773
135 1.3 4 0.6488242574257426
135 1.35 4 0.6188118811881188
135 1.4000000000000001 6 0.5266089108910891
135 1.4500000000000002 6 0.5154702970297029
135 1.5 6 0.49195544554455445
135 1.55 6 0.46751237623762376
135 1.6 6 0.4603960396039604
135 1.6500000000000001 6 0.41491336633663367
135 1.7000000000000002 4 0.3972772277227723
135 1.75 4 0.38985148514851486
135 1.8 6 0.28589108910891087
135 1.85 6 0.2719678217821782
135 1.9000000000000001 6 0.265779702970297
135 1.9500000000000002 6 0.2521658415841584
135 2.0 6 0.24195544554455445
140 0.05 2 0.9504950495049505
140 0.1 2 0.9504950495049505
140 0.15000000000000002 2 0.9504950495049505
140 0.2 2 0.9504950495049505
140 0.25 2 0.9504950495049505
140 0.30000000000000004 2 0.9504950495049505
140 0.35000000000000003 2 0.9504950495049505
140 0.4 2 0.9504950495049505
140 0.45 2 0.9504950495049505
140 0.5 2 0.9504950495049505
140 0.55 2 0.9498762376237624
140 0.6000000000000001 2 0.9483292079207921
140 0.65 2 0.9483292079207921
140 0.7000000000000001 3 0.9050123762376238
140 0.75 3 0.8997524752475248
140 0.8 3 0.8657178217821783
140 0.8500000000000001 4 0.8403465346534653
140 0.9 4 0.8344678217821783
140 0.9500000000000001 4 0.8298267326732673
140 1.0 3 0.8131188118811881
140 1.05 4 0.7453589108910891
140 1.1 4 0.7261757425742574
140 1.1500000000000001 4 0.7147277227722773
140 1.2000000000000002 4 0.698019801980198
140 1.25 4 0.6974009900990099
140 1.3 4 0.6828589108910891
140 1.35 4 0.6321163366336634
140 1.4000000000000001 4 0.6129331683168316
140 1.4500000000000002 5 0.5668316831683168
140 1.5 5 0.5612623762376238
140 1.55 6 0.47988861386138615
140 1.6 6 0.46101485148514854
140 1.6500000000000001 6 0.4155321782178218
140 1.7000000000000002 6 0.4084158415841584
140 1.75 5 0.3938737623762376
140 1.8 5 0.33353960396039606
140 1.85 5 0.32363861386138615
140 1.9000000000000001 6 0.2667079207920792
140 1.9500000000000002 6 0.2599009900990099
140 2.0 6 0.24659653465346534
145 0.05 2 0.9504950495049505
145 0.1 2 0.9504950495049505
145 0.15000000000000002 2 0.9504950495049505
145 0.2 2 0.9504950495049505
145 0.25 2 0.9504950495049505
145 0.30000000000000004 2 0.9504950495049505
145 0.35000000000000003 2 0.9504950495049505
145 0.4 2 0.9504950495049505
145 0.45 2 0.9504950495049505
145 0.5 2 0.9504950495049505
145 0.55 2 0.9498762376237624
145 0.6000000000000001 2 0.9483292079207921
145 0.65 2 0.9483292079207921
145 0.7000000000000001 2 0.9483292079207921
145 0.75 3 0.901299504950495
145 0.8 3 0.8660272277227723
145 0.8500000000000001 4 0.8406559405940595
145 0.9 4 0.8344678217821783
145 0.9500000000000001 4 0.8323019801980198
145 1.0 3 0.8131188118811881
145 1.05 4 0.7453589108910891
145 1.1 4 0.7370049504950495
145 1.1500000000000001 4 0.7147277227722773
145 1.2000000000000002 4 0.698019801980198
145 1.25 4 0.6974009900990099
145 1.3 4 0.6828589108910891
145 1.35 4 0.6451113861386139
145 1.4000000000000001 4 0.6280940594059405
145 1.4500000000000002 5 0.5686881188118812
145 1.5 5 0.5631188118811881
145 1.55 6 0.510519801980198
145 1.6 6 0.49195544554455445
145 1.6500000000000001 7 0.42728960396039606
145 1.7000000000000002 6 0.41027227722772275
145 1.75 5 0.40810643564356436
145 1.8 4 0.37933168316831684
145 1.85 4 0.3694306930693069
145 1.9000000000000001 5 0.31992574257425743
145 1.9500000000000002 6 0.2719678217821782
145 2.0 6 0.2589727722772277
150 0.05 2 0.9504950495049505
150 0.1 2 0.9504950495049505
150 0.15000000000000002 2 0.9504950495049505
150 0.2 2 0.9504950495049505
150 0.25 2 0.9504950495049505
150 0.30000000000000004 2 0.9504950495049505
150 0.35000000000000003 2 0.9504950495049505
150 0.4 2 0.9504950495049505
150 0.45 2 0.9504950495049505
150 0.5 2 0.9504950495049505
150 0.55 2 0.9498762376237624
150 0.6000000000000001 2 0.9483292079207921
150 0.65 2 0.9483292079207921
150 0.7000000000000001 2 0.9483292079207921
150 0.75 3 0.901299504950495
150 0.8 3 0.8941831683168316
150 0.8500000000000001 4 0.843440594059406
150 0.9 4 0.8372524752475248
150 0.9500000000000001 4 0.8323019801980198
150 1.0 4 0.8152846534653465
150 1.05 4 0.7453589108910891
150 1.1 4 0.7370049504950495
150 1.1500000000000001 4 0.7271039603960396
150 1.2000000000000002 4 0.6992574257425742
150 1.25 4 0.6986386138613861
150 1.3 4 0.6828589108910891
150 1.35 4 0.6451113861386139
150 1.4000000000000001 4 0.6376856435643564
150 1.4500000000000002 5 0.5708539603960396
150 1.5 5 0.5631188118811881
150 1.55 5 0.551980198019802
150 1.6 5 0.5396039603960396
150 1.6500000000000001 8 0.43595297029702973
150 1.7000000000000002 8 0.41027227722772275
150 1.75 6 0.40810643564356436
150 1.8 4 0.3839727722772277
150 1.85 4 0.37004950495049505
150 1.9000000000000001 5 0.31992574257425743
150 1.9500000000000002 5 0.31745049504950495
150 2.0 5 0.3131188118811881
155 0.05 2 0.9504950495049505
155 0.1 2 0.9504950495049505
155 0.15000000000000002 2 0.9504950495049505
155 0.2 2 0.9504950495049505
155 0.25 2 0.9504950495049505
155 0.30000000000000004 2 0.9504950495049505
155 0.35000000000000003 2 0.9504950495049505
155 0.4 2 0.9504950495049505
155 0.45 2 0.9504950495049505
155 0.5 2 0.9504950495049505
155 0.55 2 0.9498762376237624
155 0.6000000000000001 2 0.9483292079207921
155 0.65 2 0.9483292079207921
155 0.7000000000000001 2 0.9483292079207921
155 0.75 2 0.9483292079207921
155 0.8 3 0.8975866336633663
155 0.8500000000000001 4 0.8468440594059405
155 0.9 4 0.8409653465346535
155 0.9500000000000001 4 0.8357054455445545
155 1.0 4 0.8162128712871287
155 1.05 4 0.7453589108910891
155 1.1 4 0.7370049504950495
155 1.1500000000000001 4 0.7274133663366337
155 1.2000000000000002 4 0.6995668316831684
155 1.25 4 0.6989480198019802
155 1.3 4 0.6828589108910891
155 1.35 4 0.6451113861386139
155 1.4000000000000001 4 0.6376856435643564
155 1.4500000000000002 4 0.6132425742574258
155 1.5 5 0.5631188118811881
155 1.55 5 0.551980198019802
155 1.6 5 0.5405321782178217
155 1.6500000000000001 8 0.4501856435643564
155 1.7000000000000002 8 0.4183168316831683
155 1.75 6 0.40810643564356436
155 1.8 4 0.3839727722772277
155 1.85 4 0.37592821782178215
155 1.9000000000000001 4 0.37004950495049505
155 1.9500000000000002 4 0.3666460396039604
155 2.0 4 0.36076732673267325
160 0.05 2 0.9504950495049505
160 0.1 2 0.9504950495049505
160 0.15000000000000002 2 0.9504950495049505
160 0.2 2 0.9504950495049505
160 0.25 2 0.9504950495049505
160 0.30000000000000004 2 0.9504950495049505
160 0.35000000000000003 2 0.9504950495049505
160 0.4 2 0.9504950495049505
160 0.45 2 0.9504950495049505
160 0.5 2 0.9504950495049505
160 0.55 2 0.9498762376237624
160 0.6000000000000001 2 0.9483292079207921
160 0.65 2 0.9483292079207921
160 0.7000000000000001 2 0.9483292079207921
160 0.75 2 0.9483292079207921
160 0.8 3 0.8975866336633663
160 0.8500000000000001 4 0.8468440594059405
160 0.9 4 0.8409653465346535
160 0.9500000000000001 4 0.8357054455445545
160 1.0 4 0.8189975247524752
160 1.05 4 0.7459777227722773
160 1.1 4 0.7370049504950495
160 1.1500000000000001 4 0.7274133663366337
160 1.2000000000000002 4 0.7128712871287128
160 1.25 4 0.7094678217821783
160 1.3 4 0.6862623762376238
160 1.35 4 0.6680074257425742
160 1.4000000000000001 4 0.6547029702970297
160 1.4500000000000002 4 0.6287128712871287
160 1.5 4 0.5980816831683168
160 1.55 5 0.551980198019802
160 1.6 5 0.5454826732673267
160 1.6500000000000001 8 0.4542079207920792
160 1.7000000000000002 9 0.4214108910891089
160 1.75 6 0.4155321782178218
160 1.8 4 0.3839727722772277
160 1.85 4 0.37592821782178215
160 1.9000000000000001 4 0.37004950495049505
160 1.9500000000000002 4 0.3666460396039604
160 2.0 4 0.36107673267326734
165 0.05 1 1.0
165 0.1 1 1.0
165 0.15000000000000002 1 1.0
165 0.2 1 1.0
165 0.25 1 1.0
165 0.30000000000000004 1 1.0
165 0.35000000000000003 1 1.0
165 0.4 1 1.0
165 0.45 1 1.0
165 0.5 1 1.0
165 0.55 1 1.0
165 0.6000000000000001 2 0.9483292079207921
165 0.65 2 0.9483292079207921
165 0.7000000000000001 2 0.9483292079207921
165 0.75 2 0.9483292079207921
165 0.8 2 0.9474009900990099
165 0.8500000000000001 2 0.9474009900990099
165 0.9 2 0.9421410891089109
165 0.9500000000000001 4 0.8357054455445545
165 1.0 4 0.8196163366336634
165 1.05 4 0.749690594059406
165 1.1 4 0.7370049504950495
165 1.1500000000000001 4 0.7274133663366337
165 1.2000000000000002 4 0.7128712871287128
165 1.25 4 0.7094678217821783
165 1.3 4 0.6862623762376238
165 1.35 4 0.6785272277227723
165 1.4000000000000001 4 0.6571782178217822
165 1.4500000000000002 4 0.6287128712871287
165 1.5 4 0.6178836633663366
165 1.55 4 0.5996287128712872
165 1.6 5 0.5556930693069307
165 1.6500000000000001 8 0.463490099009901
165 1.7000000000000002 9 0.42883663366336633
165 1.75 7 0.41676980198019803
165 1.8 5 0.3910891089108911
165 1.85 4 0.3780940594059406
165 1.9000000000000001 4 0.37314356435643564
165 1.9500000000000002 4 0.3666460396039604
165 2.0 4 0.3613861386138614
170 0.05 1 1.0
170 0.1 1 1.0
170 0.15000000000000002 1 1.0
170 0.2 1 1.0
170 0.25 1 1.0
170 0.30000000000000004 1 1.0
170 0.35000000000000003 1 1.0
170 0.4 1 1.0
170 0.45 1 1.0
170 0.5 1 1.0
170 0.55 1 1.0
170 0.6000000000000001 1 1.0
170 0.65 1 1.0
170 0.7000000000000001 1 1.0
170 0.75 1 1.0
170 0.8 1 1.0
170 0.8500000000000001 1 1.0
170 0.9 2 0.9446163366336634
170 0.9500000000000001 3 0.8892326732673267
170 1.0 4 0.8211633663366337
170 1.05 4 0.7515470297029703
170 1.1 4 0.7382425742574258
170 1.1500000000000001 4 0.7274133663366337
170 1.2000000000000002 4 0.7128712871287128
170 1.25 4 0.7094678217821783
170 1.3 4 0.6952351485148515
170 1.35 4 0.6853341584158416
170 1.4000000000000001 4 0.6577970297029703
170 1.4500000000000002 4 0.6432549504950495
170 1.5 4 0.6178836633663366
170 1.55 4 0.5996287128712872
170 1.6 5 0.5556930693069307
170 1.6500000000000001 7 0.4854579207920792
170 1.7000000000000002 9 0.43347772277227725
170 1.75 7 0.4282178217821782
170 1.8 5 0.3935643564356436
170 1.85 4 0.38675742574257427
170 1.9000000000000001 4 0.37654702970297027
170 1.9500000000000002 4 0.37004950495049505
170 2.0 4 0.3613861386138614
175 0.05 1 1.0
175 0.1 1 1.0
175 0.15000000000000002 1 1.0
175 0.2 1 1.0
175 0.25 1 1.0
175 0.30000000000000004 1 1.0
175 0.35000000000000003 1 1.0
175 0.4 1 1.0
175 0.45 1 1.0
175 0.5 1 1.0
175 0.55 1 1.0
175 0.6000000000000001 1 1.0
175 0.65 1 1.0
175 0.7000000000000001 1 1.0
175 0.75 1 1.0
175 0.8 1 1.0
175 0.8500000000000001 1 1.0
175 0.9 2 0.9446163366336634
175 0.9500000000000001 3 0.8892326732673267
175 1.0 4 0.8211633663366337
175 1.05 4 0.7524752475247525
175 1.1 4 0.7419554455445545
175 1.1500000000000001 4 0.7301980198019802
175 1.2000000000000002 4 0.7156559405940595
175 1.25 4 0.7100866336633663
175 1.3 4 0.6958539603960396
175 1.35 4 0.6859529702970297
175 1.4000000000000001 4 0.6584158415841584
175 1.4500000000000002 4 0.6438737623762376
175 1.5 4 0.6330445544554455
175 1.55 4 0.6024133663366337
175 1.6 4 0.5943688118811881
175 1.6500000000000001 6 0.5238242574257426
175 1.7000000000000002 8 0.45823019801980197
175 1.75 8 0.43285891089108913
175 1.8 5 0.3948019801980198
175 1.85 5 0.3932549504950495
175 1.9000000000000001 4 0.38304455445544555
175 1.9500000000000002 4 0.37004950495049505
175 2.0 4 0.3635519801980198
180 0.05 1 1.0
180 0.1 1 1.0
180 0.15000000000000002 1 1.0
180 0.2 1 1.0
180 0.25 1 1.0
180 0.30000000000000004 1 1.0
180 0.35000000000000003 1 1.0
180 0.4 1 1.0
180 0.45 1 1.0
180 0.5 1 1.0
180 0.55 1 1.0
180 0.6000000000000001 1 1.0
180 0.65 1 1.0
180 0.7000000000000001 1 1.0
180 0.75 1 1.0
180 0.8 1 1.0
180 0.8500000000000001 1 1.0
180 0.9 1 1.0
180 0.9500000000000001 1 1.0
180 1.0 3 0.8784034653465347
180 1.05 4 0.7524752475247525
180 1.1 4 0.7419554455445545
180 1.1500000000000001 4 0.7348391089108911
180 1.2000000000000002 4 0.719059405940594
180 1.25 4 0.713490099009901
180 1.3 4 0.6958539603960396
180 1.35 4 0.6859529702970297
180 1.4000000000000001 4 0.6673886138613861
180 1.4500000000000002 4 0.6438737623762376
180 1.5 4 0.6330445544554455
180 1.55 4 0.6024133663366337
180 1.6 4 0.5983910891089109
180 1.6500000000000001 5 0.5513613861386139
180 1.7000000000000002 5 0.5461014851485149
180 1.75 7 0.4368811881188119
180 1.8 5 0.42110148514851486
180 1.85 5 0.4025371287128713
180 1.9000000000000001 4 0.39758663366336633
180 1.9500000000000002 4 0.3780940594059406
180 2.0 4 0.36417079207920794
185 0.05 1 1.0
185 0.1 1 1.0
185 0.15000000000000002 1 1.0
185 0.2 1 1.0
185 0.25 1 1.0
185 0.30000000000000004 1 1.0
185 0.35000000000000003 1 1.0
185 0.4 1 1.0
185 0.45 1 1.0
185 0.5 1 1.0
185 0.55 1 1.0
185 0.6000000000000001 1 1.0
185 0.65 1 1.0
185 0.7000000000000001 1 1.0
185 0.75 1 1.0
185 0.8 1 1.0
185 0.8500000000000001 1 1.0
185 0.9 1 1.0
185 0.9500000000000001 1 1.0
185 1.0 2 0.9344059405940595
185 1.05 4 0.7524752475247525
185 1.1 4 0.7456683168316832
185 1.1500000000000001 4 0.7385519801980198
185 1.2000000000000002 4 0.7202970297029703
185 1.25 4 0.7150371287128713
185 1.3 4 0.6958539603960396
185 1.35 4 0.6859529702970297
185 1.4000000000000001 4 0.6673886138613861
185 1.4500000000000002 4 0.6438737623762376
185 1.5 4 0.6333539603960396
185 1.55 4 0.6024133663366337
185 1.6 4 0.5983910891089109
185 1.6500000000000001 5 0.551980198019802
185 1.7000000000000002 5 0.5501237623762376
185 1.75 6 0.4755569306930693
185 1.8 5 0.42110148514851486
185 1.85 5 0.4034653465346535
185 1.9000000000000001 5 0.39758663366336633
185 1.9500000000000002 4 0.3935643564356436
185 2.0 4 0.37345297029702973
190 0.05 1 1.0
190 0.1 1 1.0
190 0.15000000000000002 1 1.0
190 0.2 1 1.0
190 0.25 1 1.0
190 0.30000000000000004 1 1.0
190 0.35000000000000003 1 1.0
190 0.4 1 1.0
190 0.45 1 1.0
190 0.5 1 1.0
190 0.55 1 1.0
190 0.6000000000000001 1 1.0
190 0.65 1 1.0
190 0.7000000000000001 1 1.0
190 0.75 1 1.0
190 0.8 1 1.0
190 0.8500000000000001 1 1.0
190 0.9 1 1.0
190 0.9500000000000001 1 1.0
190 1.0 2 0.9344059405940595
190 1.05 3 0.8242574257425742
190 1.1 4 0.7626856435643564
190 1.1500000000000001 4 0.7385519801980198
190 1.2000000000000002 4 0.724009900990099
190 1.25 4 0.7162747524752475
190 1.3 4 0.6958539603960396
190 1.35 4 0.6859529702970297
190 1.4000000000000001 4 0.6673886138613861
190 1.4500000000000002 4 0.6438737623762376
190 1.5 4 0.6333539603960396
190 1.55 4 0.6024133663366337
190 1.6 4 0.5983910891089109
190 1.6500000000000001 4 0.5962252475247525
190 1.7000000000000002 4 0.5915841584158416
190 1.75 6 0.4755569306930693
190 1.8 5 0.45792079207920794
190 1.85 5 0.40501237623762376
190 1.9000000000000001 5 0.39820544554455445
190 1.9500000000000002 5 0.3941831683168317
190 2.0 4 0.37345297029702973
195 0.05 1 1.0
195 0.1 1 1.0
195 0.15000000000000002 1 1.0
195 0.2 1 1.0
195 0.25 1 1.0
195 0.30000000000000004 1 1.0
195 0.35000000000000003 1 1.0
195 0.4 1 1.0
195 0.45 1 1.0
195 0.5 1 1.0
195 0.55 1 1.0
195 0.6000000000000001 1 1.0
195 0.65 1 1.0
195 0.7000000000000001 1 1.0
195 0.75 1 1.0
195 0.8 1 1.0
195 0.8500000000000001 1 1.0
195 0.9 1 1.0
195 0.9500000000000001 1 1.0
195 1.0 2 0.9344059405940595
195 1.05 3 0.8530321782178217
195 1.1 4 0.7914603960396039
195 1.1500000000000001 4 0.7534034653465347
195 1.2000000000000002 4 0.7376237623762376
195 1.25 4 0.71875
195 1.3 4 0.7008044554455446
195 1.35 4 0.6893564356435643
195 1.4000000000000001 4 0.6707920792079208
195 1.4500000000000002 4 0.6438737623762376
195 1.5 4 0.6333539603960396
195 1.55 4 0.6024133663366337
195 1.6 4 0.598700495049505
195 1.6500000000000001 4 0.5962252475247525
195 1.7000000000000002 4 0.5915841584158416
195 1.75 6 0.4755569306930693
195 1.8 5 0.4709158415841584
195 1.85 4 0.4563737623762376
195 1.9000000000000001 4 0.4396658415841584
195 1.9500000000000002 5 0.3941831683168317
195 2.0 4 0.37592821782178215
200 0.05 1 1.0
200 0.1 1 1.0
200 0.15000000000000002 1 1.0
200 0.2 1 1.0
200 0.25 1 1.0
200 0.30000000000000004 1 1.0
200 0.35000000000000003 1 1.0
200 0.4 1 1.0
200 0.45 1 1.0
200 0.5 1 1.0
200 0.55 1 1.0
200 0.6000000000000001 1 1.0
200 0.65 1 1.0
200 0.7000000000000001 1 1.0
200 0.75 1 1.0
200 0.8 1 1.0
200 0.8500000000000001 1 1.0
200 0.9 1 1.0
200 0.9500000000000001 1 1.0
200 1.0 2 0.9344059405940595
200 1.05 3 0.8530321782178217
200 1.1 3 0.8521039603960396
200 1.1500000000000001 4 0.7534034653465347
200 1.2000000000000002 4 0.7376237623762376
200 1.25 4 0.729269801980198
200 1.3 4 0.7008044554455446
200 1.35 4 0.6893564356435643
200 1.4000000000000001 4 0.6714108910891089
200 1.4500000000000002 4 0.6444925742574258
200 1.5 4 0.6333539603960396
200 1.55 4 0.629950495049505
200 1.6 4 0.598700495049505
200 1.6500000000000001 4 0.5974628712871287
200 1.7000000000000002 4 0.5946782178217822
200 1.75 5 0.5235148514851485
200 1.8 6 0.4808168316831683
200 1.85 4 0.4563737623762376
200 1.9000000000000001 4 0.44863861386138615
200 1.9500000000000002 5 0.39511138613861385
200 2.0 4 0.37654702970297027